[[]* OK
[* OK
[[[]** OK
[[** OK
[[][[]*** OK
[ [[]] [[[ ****** OK

[[[ ]]* bug


[ [ [ [ [ [ [ ] ] ] ] ] ] [ ] ] r

CPDA [ 3 [ 3 [ 3 [ 3 [ 3 [ 3 [ 3 ] 3 ] 3 ] 3 ] 3 ] 3 ] 3 [ 3 ] 3 * e

73: [[22,1,1; 21,2,1; 20,1,1; 19,2,1; 18,1,1; 17,0,0; 16,1,1; 15,0,0; 14,1,1; 1,1,1; 18,1,1; 17,0,0; 16,1,1; 15,0,0; 14,1,1; 1,1,1; 7,1,1; 6,0,0; 5,1,1; S,0,0]; [22,1,1; 21,2,1; 20,1,1; 19,2,1; 18,1,1; 17,0,0; 16,1,1; 15,0,0; 14,1,1; 1,1,1; 18,1,1; 17,0,0; 16,1,1; 15,0,0; 14,1,1; 1,1,1; 7,1,1; 6,0,0; 5,1,1; S,0,0]; [46,1,1; 45,0,0; 44,1,1; 43,0,0; 14,1,1; 1,1,1; 20,1,1; 19,2,1; 18,1,1; 17,0,0; 16,1,1; 15,0,0; 14,1,1; 1,1,1; 18,1,1; 17,0,0; 16,1,1; 15,0,0; 14,1,1; 1,1,1; 7,1,1; 6,0,0; 5,1,1; S,0,0]; [46,1,1; 45,0,0; 44,1,1; 43,0,0; 14,1,1; 1,1,1; 18,1,1; 17,0,0; 16,1,1; 15,0,0; 14,1,1; 1,1,1; 18,1,1; 17,0,0; 16,1,1; 15,0,0; 14,1,1; 1,1,1; 7,1,1; 6,0,0; 5,1,1; S,0,0]]

REPEAT 9 TIMES POP1



COLLAPSE








[[[[ ]]] and then BUG








43: [[14,1,1; 1,1,1; 20,1,1; 19,2,1; 18,1,1; 17,0,0; 16,1,1; 15,0,0; 14,1,1; 1,1,1; 18,1,1; 17,0,0; 16,1,1; 15,0,0; 14,1,1; 1,1,1; 18,1,1; 17,0,0; 16,1,1; 15,0,0; 14,1,1; 1,1,1; 7,1,1; 6,0,0; 5,1,1; S,0,0];
[46,1,1; 45,0,0; 44,1,1; 43,0,0; 14,1,1; 1,1,1; 18,1,1; 17,0,0; 16,1,1; 15,0,0; 14,1,1; 1,1,1; 18,1,1; 17,0,0; 16,1,1; 15,0,0; 14,1,1; 1,1,1; 18,1,1; 17,0,0; 16,1,1; 15,0,0; 14,1,1; 1,1,1; 7,1,1; 6,0,0; 5,1,1; S,0,0]]


51: [[14,1,1; 1,1,1; 20,1,1; 19,2,1; 18,1,1; 17,0,0; 16,1,1; 15,0,0; 14,1,1; 1,1,1; 18,1,1; 17,0,0; 16,1,1; 15,0,0; 14,1,1; 1,1,1; 7,1,1; 6,0,0; 5,1,1; S,0,0];
[46,1,1; 45,0,0; 44,1,1; 43,0,0; 14,1,1; 1,1,1; 18,1,1; 17,0,0; 16,1,1; 15,0,0; 14,1,1; 1,1,1; 18,1,1; 17,0,0; 16,1,1; 15,0,0; 14,1,1; 1,1,1; 7,1,1; 6,0,0; 5,1,1; S,0,0]]